[gd_scene load_steps=16 format=2]

[ext_resource path="res://player/player.tscn" type="PackedScene" id=1]
[ext_resource path="res://interactables/receiver.tscn" type="PackedScene" id=2]
[ext_resource path="res://interactables/laptop.tscn" type="PackedScene" id=3]
[ext_resource path="res://interactables/buildb/buildbench.tscn" type="PackedScene" id=7]
[ext_resource path="res://main.gd" type="Script" id=11]

[sub_resource type="CubeMesh" id=1]
flip_faces = true

[sub_resource type="SpatialMaterial" id=2]

[sub_resource type="QuadMesh" id=3]

[sub_resource type="SpatialMaterial" id=4]
albedo_color = Color( 0.301961, 0.301961, 0.301961, 1 )

[sub_resource type="ConcavePolygonShape" id=7]
data = PoolVector3Array( -0.5, -0.5, 0, -0.5, 0.5, 0, 0.5, 0.5, 0, -0.5, -0.5, 0, 0.5, 0.5, 0, 0.5, -0.5, 0 )

[sub_resource type="CubeMesh" id=11]

[sub_resource type="SpatialMaterial" id=12]
albedo_color = Color( 0.537255, 0.517647, 0.517647, 1 )

[sub_resource type="CubeMesh" id=8]

[sub_resource type="SpatialMaterial" id=9]
albedo_color = Color( 0.643137, 0.643137, 0.643137, 1 )

[sub_resource type="CubeMesh" id=10]

[node name="main" type="Spatial"]
script = ExtResource( 11 )

[node name="DirectionalLight" type="DirectionalLight" parent="."]
transform = Transform( 0.930238, 0.257673, -0.261269, 0, 0.711989, 0.70219, 0.366956, -0.653204, 0.66232, 0, 0, 0 )
light_energy = 0.5
shadow_enabled = true
shadow_color = Color( 0.74902, 0.74902, 0.74902, 1 )

[node name="room" type="MeshInstance" parent="."]
transform = Transform( 5, 0, 0, 0, 1.5, 0, 0, 0, 5, 0, 1.45557, 0 )
mesh = SubResource( 1 )
material/0 = SubResource( 2 )

[node name="floor" type="MeshInstance" parent="room"]
transform = Transform( 2, 0, 0, 0, -8.74228e-08, 1, 0, -2, -4.37114e-08, 0, -0.973632, 0 )
mesh = SubResource( 3 )
material/0 = SubResource( 4 )

[node name="StaticBody" type="StaticBody" parent="room/floor"]

[node name="CollisionShape" type="CollisionShape" parent="room/floor/StaticBody"]
shape = SubResource( 7 )

[node name="door" type="MeshInstance" parent="room"]
transform = Transform( -4.79938e-09, 0, -0.026056, 0, 0.89487, 0, 0.12267, 0, -1.27247e-09, -1.00821, -0.078283, 0 )
cast_shadow = 0
mesh = SubResource( 11 )
skeleton = NodePath("../..")
material/0 = SubResource( 12 )

[node name="table" type="Spatial" parent="room"]
transform = Transform( 0.0971586, 0, 0.140895, 0, 0.666667, 0, -0.0964389, 0, 0.141946, -0.591713, -0.12282, -0.664883 )

[node name="MeshInstance" type="MeshInstance" parent="room/table"]
transform = Transform( 1.40211, 0, 0, 0, 0.0718723, 0, 0, 0, 0.657221, 0, -0.414657, 0 )
mesh = SubResource( 8 )
material/0 = SubResource( 9 )

[node name="MeshInstance2" type="MeshInstance" parent="room/table"]
transform = Transform( 0.105727, 0, 0, 0, 0.448526, 0, 0, 0, 0.600278, -1.28478, -0.904023, 0 )
mesh = SubResource( 10 )
material/0 = SubResource( 9 )

[node name="MeshInstance3" type="MeshInstance" parent="room/table"]
transform = Transform( 0.105727, 0, 0, 0, 0.448526, 0, 0, 0, 0.600278, 1.26417, -0.904023, 0 )
mesh = SubResource( 10 )
material/0 = SubResource( 9 )

[node name="receiver" parent="." instance=ExtResource( 2 )]
transform = Transform( -4.37114e-08, 0, -1, 0, 1, 0, 1, 0, -4.37114e-08, -4.84346, 0, 0 )
interactionPoint = NodePath("Position3D")

[node name="ReceiverUI" parent="receiver" index="3"]
visible = false

[node name="Position3D" type="Position3D" parent="receiver"]
transform = Transform( -0.999974, -0.00183055, 0.00698953, 6.86449e-09, 0.967374, 0.253353, -0.00722523, 0.253346, -0.967349, -0.026937, 0.729204, -1.11543 )

[node name="buildbench" parent="." instance=ExtResource( 7 )]
transform = Transform( -0.957993, 0, 0.286792, 0, 1, 0, -0.286792, 0, -0.957993, -2.14792, 1.27134, 3.51128 )
interactionPoint = NodePath("Position3D2")

[node name="BuildModeUI" parent="buildbench" index="3"]
visible = false

[node name="Position3D2" type="Position3D" parent="buildbench"]
transform = Transform( 0.963942, 0.0217955, -0.265217, 1.35792e-08, 0.996641, 0.0819038, 0.266111, -0.0789505, 0.960704, -0.0285745, 0.118605, 0.277371 )

[node name="laptop" parent="." instance=ExtResource( 3 )]
transform = Transform( 0.760032, 0, 0.649886, 0, 1, 0, -0.649886, 0, 0.760032, -2.85869, 0.966506, -3.21468 )
interactionPoint = NodePath("Position3D2")

[node name="www" parent="laptop" index="2"]
visible = false

[node name="Position3D2" type="Position3D" parent="laptop"]
transform = Transform( 0.997422, -0.0656521, 0.0289537, 0.059402, 0.981865, 0.180034, -0.0402482, -0.17785, 0.983234, -0.0280629, 0.0452576, 0.511836 )

[node name="player" parent="." instance=ExtResource( 1 )]
transform = Transform( -4.37114e-08, 0, 1, 0, 1, 0, -1, 0, -4.37114e-08, 0, 0, 0 )

[editable path="receiver"]
[editable path="receiver/ReceiverUI"]
[editable path="buildbench"]
[editable path="buildbench/BuildModeUI"]
[editable path="laptop"]
[editable path="laptop/www"]
[editable path="player"]
