[gd_scene load_steps=4 format=2]

[ext_resource path="res://player.gd" type="Script" id=1]

[sub_resource type="CylinderShape" id=6]
height = 3.0
radius = 0.5

[sub_resource type="CylinderShape" id=7]
height = 2.99028
radius = 0.02

[node name="player" type="KinematicBody"]
script = ExtResource( 1 )

[node name="CollisionShape" type="CollisionShape" parent="."]
transform = Transform( 1, 0, 0, 0, -1, 8.74228e-08, 0, -8.74228e-08, -1, 0, 1.5, 0 )
shape = SubResource( 6 )

[node name="CamBase" type="Spatial" parent="."]
transform = Transform( 1, 0, 0, 0, 1, 0, 0, 0, 1, 0, 2, -0.5 )

[node name="Camera" type="Camera" parent="CamBase"]
current = true
fov = 40.0
far = 50.0

[node name="RayCast" type="RayCast" parent="CamBase/Camera"]
unique_name_in_owner = true
enabled = true
cast_to = Vector3( 0, 0, -3 )

[node name="ColorRect" type="ColorRect" parent="CamBase/Camera/RayCast"]
anchor_left = 0.5
anchor_top = 0.5
anchor_right = 0.5
anchor_bottom = 0.5
margin_left = -5.0
margin_top = -1.0
margin_right = 5.0
margin_bottom = 1.0
mouse_filter = 2

[node name="ColorRect2" type="ColorRect" parent="CamBase/Camera/RayCast"]
anchor_left = 0.5
anchor_top = 0.5
anchor_right = 0.5
anchor_bottom = 0.5
margin_left = -1.0
margin_top = -5.0
margin_right = 1.0
margin_bottom = 5.0
mouse_filter = 2

[node name="Area" type="Area" parent="CamBase/Camera/RayCast"]
collision_mask = 0
monitoring = false

[node name="CollisionShape" type="CollisionShape" parent="CamBase/Camera/RayCast/Area"]
unique_name_in_owner = true
transform = Transform( 1, 0, 0, 0, -4.37114e-08, 1, 0, -1, -4.37114e-08, 0, 0, -1.48109 )
shape = SubResource( 7 )

[node name="item_holder" type="Spatial" parent="."]
unique_name_in_owner = true

[node name="Case_holder" type="Position3D" parent="item_holder"]
transform = Transform( 0.0407771, 0, -0.999168, 0, 1, 0, 0.999168, 0, 0.0407771, 0, 0.259436, -0.773042 )

[node name="Case Cover_holder" type="Position3D" parent="item_holder"]
transform = Transform( -3.83815e-08, 2.09176e-08, -1, 0.288798, 0.95739, 8.94179e-09, 0.95739, -0.288798, -4.2787e-08, 0, 1.13228, -1.22897 )

[node name="Memory_holder" type="Position3D" parent="item_holder"]
transform = Transform( 0.964718, 0.258496, -0.0499828, 0.242738, -0.946781, -0.211384, -0.101965, 0.191794, -0.976124, -0.273689, 1.74184, -0.882007 )

[node name="CPU_holder" type="Position3D" parent="item_holder"]
transform = Transform( 0.967403, 0.248027, -0.0511332, 0.248352, -0.96867, 0, -0.0495312, -0.012699, -0.998692, -0.273689, 1.74184, -0.882007 )

[node name="PSU_holder" type="Position3D" parent="item_holder"]
transform = Transform( 0.967403, 0.248027, -0.0511332, 0.248352, -0.96867, 0, -0.0495312, -0.012699, -0.998692, -0.273689, 1.74184, -0.882007 )

[node name="Storage_holder" type="Position3D" parent="item_holder"]
transform = Transform( 0.967403, 0.248027, -0.0511332, 0.248352, -0.96867, 0, -0.0495312, -0.012699, -0.998692, -0.273689, 1.74184, -0.882007 )

[node name="Motherboard_holder" type="Position3D" parent="item_holder"]
transform = Transform( -0.414652, -0.240364, 0.877661, -0.543622, 0.838892, -0.0270883, -0.729752, -0.488348, -0.478516, -0.176373, 1.68945, -0.898277 )

[node name="CPU Cooler_holder" type="Position3D" parent="item_holder"]
transform = Transform( -0.414652, -0.240364, 0.877661, -0.543622, 0.838892, -0.0270883, -0.729752, -0.488348, -0.478516, -0.176373, 1.68945, -0.898277 )

[node name="placeholder_mi" type="MeshInstance" parent="item_holder"]
unique_name_in_owner = true
visible = false
